/******建筑群体*/
      buildingName: [
        {
          buildingText: "学生活动中心",
          height: [180, 90, 60],
          mesh: [
            [
              [108.991126, 34.12132],
              [108.991159, 34.121302],
              [108.991247, 34.121325],
              [108.991315, 34.121111],
              [108.991251, 34.121034],
              [108.990988, 34.120999],
              [108.990992, 34.121068],
              [108.99095, 34.121095],
              [108.990977, 34.121144],
              [108.991095, 34.121084],
              [108.991191, 34.121096],
              [108.991227, 34.121145],
              [108.991196, 34.121213],
              [108.991078, 34.121268]
            ],
            [
              [108.991006, 34.120965],
              [108.991134, 34.120893],
              [108.991048, 34.120788],
              [108.990922, 34.120864]
            ],
            [
              [108.991078, 34.121268],
              [108.991196, 34.121213],
              [108.991227, 34.121145],
              [108.991191, 34.121096],
              [108.991095, 34.121084],
              [108.990977, 34.121144],
              [108.99098, 34.121182],
              [108.991017, 34.121228]
            ]
          ]
        },
        {
          buildingText: "大门东楼",
          height: [90],
          mesh: [
            [
              [108.99054, 34.121],
              [108.990585, 34.121031],
              [108.991027, 34.120724],
              [108.990983, 34.120655],
              [108.990876, 34.120726],
              [108.990884, 34.120744],
              [108.990807, 34.120797],
              [108.99082, 34.120807]
            ]
          ]
        },
        {
          buildingText: "变配电室",
          height: [30],
          mesh: [
            [
              [108.990099, 34.121273],
              [108.990178, 34.121337],
              [108.99023, 34.121298],
              [108.990152, 34.121234]
            ]
          ]
        },
        {
          buildingText: "校医院办公楼",
          height: [90],
          mesh: [
            [
              [108.990098, 34.121275],
              [108.989901, 34.121429],
              [108.989975, 34.121493],
              [108.990172, 34.121337]
            ]
          ]
        },
        {
          buildingText: "三号教学楼",
          height: [210],
          mesh: [
            [
              [108.991585, 34.121859],
              [108.991758, 34.122159],
              [108.991971, 34.122079],
              [108.991779, 34.121779]
            ]
          ]
        },
        {
          buildingText: "教学综合楼",
          height: [120, 90],
          mesh: [
            [
              [108.990776, 34.12169],
              [108.990826, 34.121793],
              [108.991273, 34.121617],
              [108.991222, 34.121516]
            ],
            [
              [108.990863, 34.121657],
              [108.990981, 34.12161],
              [108.990854, 34.121401],
              [108.990737, 34.121445]
            ]
          ]
        },
        {
          buildingText: "一号教学楼",
          height: [180, 150, 210],
          mesh: [
            [
              [108.990743, 34.1219],
              [108.990825, 34.122049],
              [108.990999, 34.121986],
              [108.990913, 34.12184]
            ],
            [
              [108.990913, 34.12184],
              [108.990999, 34.121986],
              [108.991398, 34.12184],
              [108.991313, 34.121692]
            ],
            [
              [108.991313, 34.121692],
              [108.991398, 34.12184],
              [108.991663, 34.121744],
              [108.991573, 34.121592]
            ]
          ]
        },
        {
          buildingText: "礼堂",
          height: [60, 120,90],
          mesh: [
            [
              [108.991505,34.122563],
              [108.991435,34.122591],
              [108.991532,34.122757],
              [108.991834,34.122636],
              [108.991737,34.122472],
              [108.991685,34.122492],
              [108.991755,34.122607],
              [108.991573,34.12268],
            ],
            [
              [108.99138,34.122368],
              [108.991573,34.12268],
              [108.991755,34.122607],
              [108.991576,34.12229],
            ],
            [
              [108.991353,34.122325],
              [108.99138,34.122368],
              [108.991576,34.12229],
              [108.991548,34.122242],
            ]
          ]
        },
        {
          buildingText: "行政楼",
          height: [60, 90,60,60],
          mesh: [
            [
              [108.99075,34.122191],
              [108.990785,34.122248],
              [108.990824,34.122234],
              [108.990789,34.122177],
            ],
            [
              [108.990789,34.122177],
              [108.990824,34.122234],
              [108.990949,34.122189],
              [108.990916,34.122134],
              
            ],
            [
              [108.990916,34.122134],
              [108.990824,34.122234],
              [108.990986,34.122173],
              [108.990955,34.122122],
            ],
            [
              [108.990824,34.122234],
              [108.99091,34.122372],
              [108.991035,34.122327],
              [108.990949,34.122189],
            ]
          ]
        },
        {
          buildingText: "技能训练中心",
          height: [180],
          mesh: [
            [
              [108.990326,34.122933],
              [108.990428,34.123071],
              [108.99047,34.123053],
              [108.990485,34.123076],
              [108.990562,34.123041],
              [108.990549,34.123019],
              [108.990636,34.12298],
              [108.990535,34.122846],
            ]
          ]
        },
        {
          buildingText: "一号综合楼",
          height: [150],
          mesh: [
            [
              [108.99022,34.122742],
              [108.990356,34.122933],
              [108.990535,34.122846],
              [108.990399,34.122665],
            ]
          ]
        },
        {
          buildingText: "图书馆",
          height: [150],
          mesh: [
            [
              [108.990078,34.122546],
              [108.99022,34.122742],
              [108.990399,34.122665],
              [108.990376,34.122635],
              [108.990533,34.122564],
              [108.990412,34.122399],
            ]
          ]
        },
        {
          buildingText: "3#学生公寓",
          height: [180],
          mesh: [
            [
              [108.989861,34.123412],
              [108.989976,34.123538],
              [108.990502,34.12322],
              [108.990396,34.123098],
            ]
          ]
        },
        {
          buildingText: "4#学生公寓",
          height: [180],
          mesh: [
            [
              [108.98997,34.123594],
              [108.99016,34.1238],
              [108.9903,34.123725],
              [108.990112,34.123512],
            ]
          ]
        },
        {
          buildingText: "2#学生公寓",
          height: [150],
          mesh: [
            [
              [108.990179,34.12352],
              [108.99027,34.123675],
              [108.990827,34.123475],
              [108.990741,34.123317],
            ]
          ]
        },
        {
          buildingText: "1#学生公寓",
          height: [120],
          mesh: [
            [
              [108.990741,34.123317],
              [108.990827,34.123475],
              [108.99135,34.123285],
              [108.991265,34.123129],
            ]
          ]
        },
        {
          buildingText: "5#学生公寓",
          height: [150],
          mesh: [
            [
              [108.991185, 34.123465],
              [108.990477, 34.123748],
              [108.990508, 34.123803],
              [108.991217, 34.123523]
            ]
          ]
        },
        {
          buildingText: "西红楼",
          height: [100],
          mesh: [
            [
              [108.991541, 34.123328],
              [108.991808, 34.123231],
              [108.991769, 34.123152],
              [108.991673, 34.12319],
              [108.991662, 34.123176],
              [108.99149, 34.123241]
            ]
          ]
        },
        {
          buildingText: "东红楼",
          height: [100],
          mesh: [
            [
              [108.991997, 34.123162],
              [108.992232, 34.123075],
              [108.992192, 34.12299],
              [108.992059, 34.123041],
              [108.992064, 34.12305],
              [108.991956, 34.123089]
            ]
          ]
        },
        {
          buildingText: "教工宿舍2排",
          height: [60],
          mesh: [
            [
              [108.991578, 34.123481],
              [108.992267, 34.123233],
              [108.992229, 34.123164],
              [108.991544, 34.123411]
            ]
          ]
        },
        {
          buildingText: "教工宿舍3排",
          height: [60],
          mesh: [
            [
              [108.991744, 34.123593],
              [108.992347, 34.123377],
              [108.992304, 34.123293],
              [108.992163, 34.123343],
              [108.992168, 34.123354],
              [108.991854, 34.12347],
              [108.99185, 34.12346],
              [108.991701, 34.123514]
            ]
          ]
        },
        {
          buildingText: "教工宿舍4、5排",
          height: [90],
          mesh: [
            [
              [108.991816, 34.123753],
              [108.992446, 34.123526],
              [108.992398, 34.123432],
              [108.991765, 34.123661]
            ]
          ]
        },
        {
          buildingText: "教工宿舍6排",
          height: [90],
          mesh: [
            [
              [108.991872, 34.123865],
              [108.992508, 34.123639],
              [108.992477, 34.123575],
              [108.991838, 34.1238]
            ]
          ]
        },
        {
          buildingText: "洗浴中心",
          height: [120],
          mesh: [
            [
              [108.99234, 34.123233],
              [108.992416, 34.123373],
              [108.992608, 34.123302],
              [108.992537, 34.123174],
              [108.992402, 34.123224],
              [108.992395, 34.123211]
            ]
          ]
        },
        {
          buildingText: "8#学生公寓",
          height: [90],
          mesh: [
            [
              [108.993276,34.123159],
              [108.993396,34.123235],
              [108.993665,34.122976],
              [108.993552,34.122897],
            ]
          ]
        },
        {
          buildingText: "9#学生公寓",
          height: [120],
          mesh: [
            [
              [108.993398,34.123293],
              [108.993509,34.123368],
              [108.993842,34.123032],
              [108.99374,34.122962],
            ]
          ]
        },
        {
          buildingText: "二号教学楼",
          height: [90],
          mesh: [
            [
              [108.990357, 34.124392],
              [108.990297, 34.124478],
              [108.990818, 34.124654],
              [108.990891, 34.124536],
              [108.990608, 34.124434],
              [108.990585, 34.124468]
            ]
          ]
        },
        {
          buildingText: "6#学生公寓",
          height: [120],
          mesh: [
            [
              [108.990128, 34.124596],
              [108.990744, 34.124814],
              [108.990758, 34.124793],
              [108.990854, 34.124826],
              [108.990878, 34.12478],
              [108.990167, 34.124528]
            ]
          ]
        },
        {
          buildingText: "二号综合楼",
          height: [90],
          mesh: [
            [
              [108.991175, 34.124345],
              [108.991104, 34.124344],
              [108.9911, 34.12448],
              [108.991436, 34.124486],
              [108.991451, 34.124351],
              [108.991388, 34.124348],
              [108.991349, 34.124366],
              [108.991204, 34.124366]
            ]
          ]
        },
        {
          buildingText: "锅炉房",
          height: [30],
          mesh: [
            [
              [108.991399,34.124511],
              [108.9914,34.124568],
              [108.991466,34.124571],
              [108.991464,34.124514],
            ]
          ]
        },
        {
          buildingText: "实验楼",
          height: [90],
          mesh: [
            [
              [108.991602, 34.124451],
              [108.99192, 34.124453],
              [108.991924, 34.124375],
              [108.991843, 34.124373],
              [108.991843, 34.124362],
              [108.991602, 34.124361]
            ]
          ]
        },
        {
          buildingText: "北山实训基地",
          height: [90],
          mesh: [
            [
              [108.992099, 34.124302],
              [108.992144, 34.124408],
              [108.992376, 34.124343],
              [108.99237, 34.124328],
              [108.992474, 34.124297],
              [108.992443, 34.1242]
            ]
          ]
        },
        {
          buildingText: "7#学生公寓",
          height: [120],
          mesh: [
            [
              [108.991978, 34.124529],
              [108.99156, 34.124744],
              [108.991617, 34.124819],
              [108.991679, 34.124789],
              [108.991716, 34.124838],
              [108.992067, 34.124654]
            ]
          ]
        },
        {
          buildingText: "学生食堂",
          height: [210],
          mesh: [
            [
              [108.992344, 34.122947],
              [108.99232, 34.122957],
              [108.992349, 34.123],
              [108.992424, 34.12297],
              [108.992412, 34.122953],
              [108.992477, 34.122923],
              [108.992225, 34.122531],
              [108.992148, 34.122567],
              [108.992137, 34.122556],
              [108.992067, 34.122587],
              [108.992091, 34.122624],
              [108.992123, 34.122617]
            ]
          ]
        },
        {
          buildingText: "锅楼房",
          height: [50],
          mesh: [
            [
              [108.992044, 34.122357],
              [108.992106, 34.122449],
              [108.992189, 34.122413],
              [108.992122, 34.122306],
              [108.992108, 34.122312],
              [108.992014, 34.122172],
              [108.99193, 34.122214],
              [108.992031, 34.122363]
            ]
          ]
        },
        {
          buildingText: "四合院",
          height: [50],
          mesh: [
            [
              [108.990674, 34.122729],
              [108.990745, 34.123068],
              [108.991136, 34.123012],
              [108.99107, 34.122679],
              [108.990895, 34.122699],
              [108.990905, 34.122743],
              [108.990966, 34.122737],
              [108.991018, 34.122964],
              [108.990845, 34.122985],
              [108.990794, 34.122761],
              [108.990849, 34.12275],
              [108.990842, 34.122706]
            ]
          ]
        }
      ]






      /*****线 */
      pipeline: [
        //DN150 主管道
        [
          [108.992098, 34.124536],
          [108.991937, 34.12429],
          [108.99145, 34.124282],
          [108.991451, 34.124212],
          [108.991795, 34.124109],
          [108.992642, 34.123592],
          [108.992711, 34.123282],
          [108.992698, 34.123208],
          [108.993065, 34.123102],
          [108.993309, 34.123034],
          [108.993289, 34.123001],
          [108.992708, 34.123152],
          [108.99239, 34.12265],
          [108.990735, 34.123252],
          [108.990672, 34.123136],
          [108.990726, 34.122979],
          [108.990482, 34.122618],
          [108.990641, 34.122527],
          [108.990503, 34.122293],
          [108.990779, 34.122126],
          [108.990336, 34.121344],
          [108.990778, 34.121144]
        ],
        //二号深井管道
        [
          [108.992676, 34.123778],
          [108.992016, 34.124221],
          [108.992098, 34.124536]
        ],
        // 三号深井管道
        [
          [108.991585, 34.124581],
          [108.992, 34.124485],
          [108.992098, 34.124536]
        ],
        // 一号深井管道
        [
          [108.992031, 34.122647],
          [108.992088, 34.122731],
          [108.99131, 34.12302],
          [108.991823, 34.124058],
          [108.992098, 34.124536]
        ],
        // DN100
        [
          [108.991953, 34.122811],
          [108.991412, 34.121923],
          [108.991753, 34.121766],
          [108.99146, 34.121345],
          [108.991036, 34.121514],
          [108.990736, 34.121072],
          [108.990851, 34.121026],
          [108.99078, 34.120878]
        ]
      ],